codeG=[
0     0      0

0	  0	     2
80	  0	     2
80    -9450	 2
0	  -10000 0

663	-10000	0
-663	-10000	0
% 
% 0	-10000	0
% 80	-9450	2
% 80	0	2
% 0	0	2   
% 0 0 0
];



feedParas.codeG = codeG + xyOriginPair.start_tool

