init=[
    10637.5	-37.5
    10637.5	-10012.5
    10737.5	-10012.5
    10762.5	-10037.5
    10812.5	-10037.5
    10837.5	-10062.5
    10887.5	-10062.5
    10912.5	-10087.5
    10937.5	-10087.5
    10962.5	-10112.5
    10987.5	-10112.5
    11062.5	-10187.5
    11087.5	-10187.5
    11162.5	-10262.5
    11162.5	-10287.5
    11237.5	-10362.5
    11237.5	-10387.5
    11287.5	-10437.5
    11287.5	-10462.5
    11337.5	-10512.5
    11337.5	-10537.5
    11387.5	-10587.5
    11387.5	-10612.5
    11412.5	-10637.5
    11412.5	-10662.5
    11437.5	-10687.5
    11437.5	-10712.5
    11487.5	-10762.5
    11487.5	-10787.5
    11512.5	-10812.5
    11512.5	-10837.5
    11537.5	-10862.5
    11537.5	-10887.5
    11562.5	-10912.5
    11562.5	-10937.5
    11587.5	-10962.5
    11587.5	-10987.5
    11612.5	-11012.5
    11612.5	-11037.5
    11637.5	-11062.5
    11637.5	-11112.5
    11662.5	-11137.5
    11662.5	-11162.5
    11687.5	-11187.5
    11687.5	-11237.5
    11712.5	-11262.5
    11712.5	-11287.5
    11737.5	-11312.5
    11737.5	-11337.5
    11762.5	-11362.5
    11762.5	-11437.5
    11787.5	-11462.5
    11787.5	-11512.5
    11812.5	-11537.5
    11812.5	-11587.5
    11837.5	-11612.5
    11837.5	-11662.5
    11862.5	-11687.5
    11862.5	-11762.5
    11887.5	-11787.5
    11887.5	-11862.5
    11912.5	-11887.5
    11912.5	-11987.5
    11937.5	-12012.5
    11937.5	-12112.5
    11962.5	-12137.5
    11962.5	-12337.5
    11987.5	-12362.5
    11987.5	-12662.5
    12012.5	-12687.5
    12012.5	-12712.5
    11987.5	-12737.5
    12012.5	-12762.5
    12012.5	-12962.5
    11987.5	-12987.5
    11987.5	-13312.5
    11962.5	-13337.5
    11962.5	-13437.5
    11937.5	-13462.5
    11937.5	-13612.5
    11912.5	-13637.5
    11912.5	-13737.5
    11887.5	-13762.5
    11887.5	-13837.5
    11862.5	-13862.5
    11862.5	-13937.5
    11837.5	-13962.5
    11837.5	-14012.5
    11812.5	-14037.5
    11812.5	-14112.5
    11787.5	-14137.5
    11787.5	-14162.5
    11762.5	-14187.5
    11762.5	-14237.5
    11737.5	-14262.5
    11737.5	-14312.5
    11712.5	-14337.5
    11712.5	-14387.5
    11687.5	-14412.5
    11687.5	-14437.5
    11662.5	-14462.5
    11662.5	-14487.5
    11637.5	-14512.5
    11637.5	-14562.5
    11612.5	-14587.5
    11612.5	-14612.5
    11587.5	-14637.5
    11587.5	-14662.5
    11562.5	-14687.5
    11562.5	-14712.5
    11537.5	-14737.5
    11537.5	-14762.5
    11512.5	-14787.5
    11512.5	-14812.5
    11487.5	-14837.5
    11487.5	-14862.5
    11437.5	-14912.5
    11437.5	-14937.5
    11412.5	-14962.5
    11412.5	-14987.5
    11362.5	-15037.5
    11362.5	-15062.5
    11337.5	-15087.5
    11337.5	-15112.5
    11287.5	-15162.5
    11287.5	-15187.5
    11237.5	-15237.5
    11237.5	-15262.5
    11162.5	-15337.5
    11162.5	-15362.5
    11087.5	-15437.5
    11087.5	-15462.5
    10962.5	-15587.5
    10962.5	-15612.5
    10587.5	-15987.5
    10587.5	-16012.5
    15337.5	-16012.5
    16037.5	-15312.5
    16037.5	-15287.5
    16237.5	-15087.5
    16237.5	-15062.5
    16462.5	-14837.5
    16462.5	-14812.5
    16587.5	-14687.5
    16587.5	-14662.5
    16687.5	-14562.5
    16687.5	-14537.5
    16787.5	-14437.5
    16787.5	-14412.5
    16887.5	-14312.5
    16887.5	-14287.5
    16987.5	-14187.5
    16987.5	-14162.5
    17062.5	-14087.5
    17062.5	-14062.5
    17137.5	-13987.5
    17137.5	-13962.5
    17212.5	-13887.5
    17212.5	-13862.5
    17262.5	-13812.5
    17262.5	-13787.5
    17337.5	-13712.5
    17337.5	-13687.5
    17387.5	-13637.5
    17387.5	-13612.5
    17462.5	-13537.5
    17462.5	-13512.5
    17537.5	-13437.5
    17537.5	-13412.5
    17587.5	-13362.5
    17587.5	-13337.5
    17612.5	-13312.5
    17612.5	-13287.5
    17662.5	-13237.5
    17662.5	-13212.5
    17712.5	-13162.5
    17712.5	-13137.5
    17762.5	-13087.5
    17762.5	-13062.5
    17812.5	-13012.5
    17812.5	-12987.5
    17862.5	-12937.5
    17862.5	-12912.5
    17912.5	-12862.5
    17912.5	-12837.5
    17937.5	-12812.5
    17937.5	-12787.5
    17987.5	-12737.5
    17987.5	-12712.5
    18037.5	-12662.5
    18037.5	-12637.5
    18062.5	-12612.5
    18062.5	-12587.5
    18087.5	-12562.5
    18087.5	-12537.5
    18137.5	-12487.5
    18137.5	-12462.5
    18162.5	-12437.5
    18162.5	-12412.5
    18212.5	-12362.5
    18212.5	-12337.5
    18237.5	-12312.5
    18237.5	-12287.5
    18262.5	-12262.5
    18262.5	-12237.5
    18312.5	-12187.5
    18312.5	-12162.5
    18337.5	-12137.5
    18337.5	-12112.5
    18387.5	-12062.5
    18387.5	-12037.5
    18412.5	-12012.5
    18412.5	-11987.5
    18437.5	-11962.5
    18437.5	-11937.5
    18462.5	-11912.5
    18462.5	-11887.5
    18487.5	-11862.5
    18487.5	-11837.5
    18512.5	-11812.5
    18512.5	-11787.5
    18537.5	-11762.5
    18537.5	-11737.5
    18562.5	-11712.5
    18562.5	-11687.5
    18587.5	-11662.5
    18587.5	-11637.5
    18612.5	-11612.5
    18612.5	-11587.5
    18637.5	-11562.5
    18637.5	-11537.5
    18662.5	-11512.5
    18662.5	-11487.5
    18687.5	-11462.5
    18687.5	-11437.5
    18737.5	-11387.5
    18737.5	-11362.5
    18762.5	-11337.5
    18762.5	-11312.5
    18787.5	-11287.5
    18787.5	-11262.5
    18812.5	-11237.5
    18812.5	-11187.5
    18837.5	-11162.5
    18837.5	-11137.5
    18862.5	-11112.5
    18862.5	-11087.5
    18887.5	-11062.5
    18887.5	-11037.5
    18912.5	-11012.5
    18912.5	-10987.5
    18937.5	-10962.5
    18937.5	-10912.5
    18962.5	-10887.5
    18962.5	-10862.5
    18987.5	-10837.5
    18987.5	-10812.5
    19012.5	-10787.5
    19012.5	-10762.5
    19037.5	-10737.5
    19037.5	-10712.5
    19062.5	-10687.5
    19062.5	-10637.5
    19087.5	-10612.5
    19087.5	-10587.5
    19112.5	-10562.5
    19112.5	-10537.5
    19137.5	-10512.5
    19137.5	-10487.5
    19162.5	-10462.5
    19162.5	-10437.5
    19187.5	-10412.5
    19187.5	-10387.5
    19237.5	-10337.5
    19237.5	-10312.5
    19387.5	-10162.5
    19412.5	-10162.5
    19462.5	-10112.5
    19487.5	-10112.5
    19512.5	-10087.5
    19537.5	-10087.5
    19562.5	-10062.5
    19612.5	-10062.5
    19637.5	-10037.5
    19712.5	-10037.5
    19737.5	-10012.5
    19812.5	-10012.5
    19812.5	-37.5
    10637.5	-37.5
    ];


