init=[
5037.5 -20037.5
5037.5 -30000
25012.5 -30000
25012.5 -20037.5
    ];


blisk_simulation_coord=[20587.5000000000,-20037.5000000000;20562.5000000000,-20062.5000000000;20562.5000000000,-20087.5000000000;20512.5000000000,-20137.5000000000;20487.5000000000,-20137.5000000000;20462.5000000000,-20162.5000000000;20437.5000000000,-20137.5000000000;20362.5000000000,-20137.5000000000;20337.5000000000,-20162.5000000000;20337.5000000000,-20187.5000000000;20287.5000000000,-20237.5000000000;20262.5000000000,-20237.5000000000;20237.5000000000,-20262.5000000000;20212.5000000000,-20237.5000000000;20187.5000000000,-20237.5000000000;20162.5000000000,-20262.5000000000;20137.5000000000,-20262.5000000000;20112.5000000000,-20287.5000000000;20087.5000000000,-20262.5000000000;20062.5000000000,-20262.5000000000;20062.5000000000,-20287.5000000000;20012.5000000000,-20337.5000000000;19987.5000000000,-20337.5000000000;19962.5000000000,-20362.5000000000;19937.5000000000,-20362.5000000000;19912.5000000000,-20387.5000000000;19912.5000000000,-20437.5000000000;19937.5000000000,-20462.5000000000;19912.5000000000,-20487.5000000000;19912.5000000000,-20512.5000000000;19887.5000000000,-20537.5000000000;19887.5000000000,-20562.5000000000;19912.5000000000,-20587.5000000000;19887.5000000000,-20612.5000000000;19887.5000000000,-20637.5000000000;19837.5000000000,-20687.5000000000;19812.5000000000,-20687.5000000000;19737.5000000000,-20762.5000000000;19712.5000000000,-20762.5000000000;19712.5000000000,-20812.5000000000;19737.5000000000,-20837.5000000000;19712.5000000000,-20862.5000000000;19712.5000000000,-20887.5000000000;19687.5000000000,-20912.5000000000;19687.5000000000,-20937.5000000000;19712.5000000000,-20962.5000000000;19687.5000000000,-20987.5000000000;19687.5000000000,-21012.5000000000;19637.5000000000,-21062.5000000000;19612.5000000000,-21062.5000000000;19587.5000000000,-21087.5000000000;19587.5000000000,-21112.5000000000;19612.5000000000,-21137.5000000000;19587.5000000000,-21162.5000000000;19587.5000000000,-21187.5000000000;19537.5000000000,-21237.5000000000;19512.5000000000,-21237.5000000000;19462.5000000000,-21287.5000000000;19487.5000000000,-21312.5000000000;19487.5000000000,-21337.5000000000;19512.5000000000,-21362.5000000000;19487.5000000000,-21387.5000000000;19487.5000000000,-21412.5000000000;19437.5000000000,-21462.5000000000;19412.5000000000,-21462.5000000000;19387.5000000000,-21487.5000000000;19387.5000000000,-21537.5000000000;19412.5000000000,-21562.5000000000;19387.5000000000,-21587.5000000000;19387.5000000000,-21612.5000000000;19337.5000000000,-21662.5000000000;19312.5000000000,-21662.5000000000;19287.5000000000,-21687.5000000000;19262.5000000000,-21687.5000000000;19237.5000000000,-21712.5000000000;19212.5000000000,-21712.5000000000;19187.5000000000,-21737.5000000000;19162.5000000000,-21737.5000000000;19137.5000000000,-21762.5000000000;19112.5000000000,-21762.5000000000;19062.5000000000,-21812.5000000000;19087.5000000000,-21837.5000000000;19087.5000000000,-21862.5000000000;19112.5000000000,-21887.5000000000;19087.5000000000,-21912.5000000000;19087.5000000000,-21937.5000000000;19012.5000000000,-22012.5000000000;19012.5000000000,-22037.5000000000;18962.5000000000,-22087.5000000000;18937.5000000000,-22087.5000000000;18862.5000000000,-22162.5000000000;18837.5000000000,-22162.5000000000;18812.5000000000,-22187.5000000000;18787.5000000000,-22187.5000000000;18787.5000000000,-22212.5000000000;18812.5000000000,-22237.5000000000;18787.5000000000,-22262.5000000000;18787.5000000000,-22287.5000000000;18737.5000000000,-22337.5000000000;18712.5000000000,-22337.5000000000;18687.5000000000,-22362.5000000000;18662.5000000000,-22362.5000000000;18637.5000000000,-22387.5000000000;18612.5000000000,-22387.5000000000;18537.5000000000,-22462.5000000000;18537.5000000000,-22487.5000000000;18512.5000000000,-22512.5000000000;18537.5000000000,-22537.5000000000;18537.5000000000,-22562.5000000000;18562.5000000000,-22587.5000000000;18537.5000000000,-22612.5000000000;18537.5000000000,-22637.5000000000;18487.5000000000,-22687.5000000000;18462.5000000000,-22687.5000000000;18437.5000000000,-22712.5000000000;18412.5000000000,-22712.5000000000;18362.5000000000,-22762.5000000000;18337.5000000000,-22762.5000000000;18312.5000000000,-22787.5000000000;18287.5000000000,-22762.5000000000;18262.5000000000,-22762.5000000000;18262.5000000000,-22812.5000000000;18287.5000000000,-22837.5000000000;18262.5000000000,-22862.5000000000;18262.5000000000,-22887.5000000000;18212.5000000000,-22937.5000000000;18187.5000000000,-22937.5000000000;18162.5000000000,-22962.5000000000;18137.5000000000,-22962.5000000000;18087.5000000000,-23012.5000000000;18087.5000000000,-23037.5000000000;18062.5000000000,-23062.5000000000;18062.5000000000,-23087.5000000000;17987.5000000000,-23162.5000000000;17987.5000000000,-23187.5000000000;17937.5000000000,-23237.5000000000;17912.5000000000,-23237.5000000000;17887.5000000000,-23262.5000000000;17887.5000000000,-23287.5000000000;17837.5000000000,-23337.5000000000;17812.5000000000,-23337.5000000000;17737.5000000000,-23412.5000000000;17712.5000000000,-23412.5000000000;17712.5000000000,-23437.5000000000;17662.5000000000,-23487.5000000000;17637.5000000000,-23487.5000000000;17637.5000000000,-23512.5000000000;17612.5000000000,-23537.5000000000;17612.5000000000,-23562.5000000000;17562.5000000000,-23612.5000000000;17537.5000000000,-23612.5000000000;17512.5000000000,-23637.5000000000;17487.5000000000,-23612.5000000000;17437.5000000000,-23612.5000000000;17437.5000000000,-23637.5000000000;17412.5000000000,-23662.5000000000;17412.5000000000,-23687.5000000000;17337.5000000000,-23762.5000000000;17337.5000000000,-23787.5000000000;17287.5000000000,-23837.5000000000;17262.5000000000,-23837.5000000000;17262.5000000000,-23862.5000000000;17212.5000000000,-23912.5000000000;17187.5000000000,-23912.5000000000;17162.5000000000,-23937.5000000000;17137.5000000000,-23912.5000000000;17087.5000000000,-23912.5000000000;17062.5000000000,-23937.5000000000;17037.5000000000,-23937.5000000000;17012.5000000000,-23962.5000000000;16987.5000000000,-23962.5000000000;16937.5000000000,-24012.5000000000;16912.5000000000,-24012.5000000000;16912.5000000000,-24037.5000000000;16937.5000000000,-24062.5000000000;16912.5000000000,-24087.5000000000;16912.5000000000,-24112.5000000000;16837.5000000000,-24187.5000000000;16837.5000000000,-24212.5000000000;16787.5000000000,-24262.5000000000;16762.5000000000,-24262.5000000000;16737.5000000000,-24287.5000000000;16712.5000000000,-24262.5000000000;16687.5000000000,-24262.5000000000;16687.5000000000,-24287.5000000000;16637.5000000000,-24337.5000000000;16612.5000000000,-24337.5000000000;16587.5000000000,-24362.5000000000;16562.5000000000,-24337.5000000000;16537.5000000000,-24337.5000000000;16537.5000000000,-24412.5000000000;16562.5000000000,-24437.5000000000;16537.5000000000,-24462.5000000000;16537.5000000000,-24487.5000000000;16487.5000000000,-24537.5000000000;16462.5000000000,-24537.5000000000;16437.5000000000,-24562.5000000000;16412.5000000000,-24537.5000000000;16387.5000000000,-24537.5000000000;16362.5000000000,-24562.5000000000;16337.5000000000,-24562.5000000000;16312.5000000000,-24587.5000000000;16287.5000000000,-24562.5000000000;16262.5000000000,-24562.5000000000;16212.5000000000,-24512.5000000000;16187.5000000000,-24537.5000000000;16187.5000000000,-24562.5000000000;16137.5000000000,-24612.5000000000;16112.5000000000,-24612.5000000000;16087.5000000000,-24637.5000000000;16062.5000000000,-24612.5000000000;16037.5000000000,-24612.5000000000;15987.5000000000,-24562.5000000000;15962.5000000000,-24562.5000000000;15912.5000000000,-24612.5000000000;15887.5000000000,-24612.5000000000;15862.5000000000,-24637.5000000000;15837.5000000000,-24612.5000000000;15762.5000000000,-24612.5000000000;15737.5000000000,-24637.5000000000;15712.5000000000,-24637.5000000000;15662.5000000000,-24687.5000000000;15637.5000000000,-24687.5000000000;15612.5000000000,-24712.5000000000;15587.5000000000,-24687.5000000000;15562.5000000000,