init=[
5037.5 -23587.5
5037.5 -33562.5
25012.5 -33562.5
25012.5 -23587.5
    ];


blisk_simulation_coord111=[
% 25012.5	-33562.5
% 25012.5	-23587.5
20462.5	-23587.5
20462.5	-23612.5
20437.5	-23637.5
20437.5	-23687.5
20362.5	-23762.5
20312.5	-23762.5
20287.5	-23787.5
20262.5	-23762.5
20187.5	-23762.5
20162.5	-23787.5
20212.5	-23837.5
20212.5	-23887.5
20237.5	-23912.5
20212.5	-23937.5
20212.5	-23962.5
20237.5	-23987.5
20237.5	-24037.5
20262.5	-24062.5
20237.5	-24087.5
20237.5	-24137.5
20162.5	-24212.5
20112.5	-24212.5
20112.5	-24262.5
20087.5	-24287.5
20087.5	-24337.5
20112.5	-24362.5
20112.5	-24387.5
20187.5	-24462.5
20187.5	-24512.5
20212.5	-24537.5
20187.5	-24562.5
20187.5	-24612.5
20137.5	-24662.5
20162.5	-24687.5
20137.5	-24712.5
20137.5	-24837.5
20162.5	-24862.5
20137.5	-24887.5
20137.5	-24937.5
20062.5	-25012.5
20012.5	-25012.5
20012.5	-25062.5
20037.5	-25087.5
20012.5	-25112.5
20012.5	-25162.5
19937.5	-25237.5
19887.5	-25237.5
19862.5	-25262.5
19837.5	-25262.5
19837.5	-25287.5
19862.5	-25312.5
19862.5	-25362.5
19887.5	-25387.5
19862.5	-25412.5
19862.5	-25462.5
19787.5	-25537.5
19737.5	-25537.5
19712.5	-25562.5
19712.5	-25587.5
19687.5	-25612.5
19687.5	-25662.5
19612.5	-25737.5
19562.5	-25737.5
19462.5	-25837.5
19412.5	-25837.5
19412.5	-25962.5
19437.5	-25987.5
19412.5	-26012.5
19412.5	-26062.5
19337.5	-26137.5
19287.5	-26137.5
19287.5	-26162.5
19237.5	-26212.5
19262.5	-26237.5
19237.5	-26262.5
19237.5	-26312.5
19187.5	-26362.5
19212.5	-26387.5
19187.5	-26412.5
19187.5	-26462.5
19112.5	-26537.5
19062.5	-26537.5
19062.5	-26562.5
19087.5	-26587.5
19087.5	-26637.5
19112.5	-26662.5
19087.5	-26687.5
19087.5	-26737.5
19012.5	-26812.5
18962.5	-26812.5
18937.5	-26837.5
18912.5	-26812.5
18887.5	-26812.5
18887.5	-26837.5
18862.5	-26862.5
18862.5	-26912.5
18762.5	-27012.5
18762.5	-27062.5
18687.5	-27137.5
18637.5	-27137.5
18612.5	-27162.5
18587.5	-27162.5
18587.5	-27187.5
18612.5	-27212.5
18587.5	-27237.5
18587.5	-27287.5
18512.5	-27362.5
18462.5	-27362.5
18437.5	-27387.5
18437.5	-27412.5
18412.5	-27437.5
18412.5	-27562.5
18437.5	-27587.5
18412.5	-27612.5
18412.5	-27662.5
18337.5	-27737.5
18287.5	-27737.5
18262.5	-27762.5
18237.5	-27737.5
18187.5	-27787.5
18187.5	-27812.5
18212.5	-27837.5
18187.5	-27862.5
18187.5	-27912.5
18087.5	-28012.5
18087.5	-28062.5
18012.5	-28137.5
17962.5	-28137.5
17937.5	-28162.5
17937.5	-28187.5
17912.5	-28212.5
17912.5	-28262.5
17837.5	-28337.5
17787.5	-28337.5
17762.5	-28362.5
17762.5	-28412.5
17687.5	-28487.5
17687.5	-28512.5
17662.5	-28537.5
17662.5	-28587.5
17612.5	-28637.5
17612.5	-28662.5
17587.5	-28687.5
17587.5	-28737.5
17537.5	-28787.5
17562.5	-28812.5
17537.5	-28837.5
17537.5	-28887.5
17512.5	-28912.5
17512.5	-28937.5
17537.5	-28962.5
17512.5	-28987.5
17512.5	-29037.5
17437.5	-29112.5
17387.5	-29112.5
17362.5	-29137.5
17337.5	-29112.5
17312.5	-29112.5
17262.5	-29162.5
17212.5	-29162.5
17187.5	-29187.5
17212.5	-29212.5
17187.5	-29237.5
17187.5	-29287.5
17087.5	-29387.5
17087.5	-29437.5
16987.5	-29537.5
17037.5	-29587.5
17037.5	-29637.5
17062.5	-29662.5
17037.5	-29687.5
17037.5	-29737.5
16962.5	-29812.5
16912.5	-29812.5
16812.5	-29912.5
16812.5	-29937.5
16837.5	-29962.5
16812.5	-29987.5
16812.5	-30037.5
16737.5	-30112.5
16687.5	-30112.5
16662.5	-30137.5
16637.5	-30112.5
16612.5	-30112.5
16562.5	-30162.5
16562.5	-30187.5
16537.5	-30212.5
16537.5	-30262.5
16462.5	-30337.5
16412.5	-30337.5
16412.5	-30387.5
16387.5	-30412.5
16387.5	-30487.5
16412.5	-30512.5
16387.5	-30537.5
16387.5	-30587.5
16312.5	-30662.5
16262.5	-30662.5
16262.5	-30712.5
16287.5	-30737.5
16262.5	-30762.5
16262.5	-30812.5
16187.5	-30887.5
16137.5	-30887.5
16137.5	-30937.5
16062.5	-31012.5
16012.5	-31012.5
15937.5	-31087.5
15937.5	-31112.5
15962.5	-31137.5
15937.5	-31162.5
15937.5	-31212.5
15887.5	-31262.5
15887.5	-31287.5
15862.5	-31312.5
15862.5	-31362.5
15787.5	-31437.5
15737.5	-31437.5
15737.5	-31462.5
15712.5	-31487.5
15712.5	-31537.5
15637.5	-31612.5
15587.5	-31612.5
15562.5	-31637.5
15537.5	-31612.5
15487.5	-31662.5
15462.5	-31662.5
15462.5	-31687.5
15487.5	-31712.5
15462.5	-31737.5
15462.5	-31787.5
15387.5	-31862.5
15337.5	-31862.5
15312.5	-31887.5
15287.5	-31862.5
15162.5	-31862.5
15137.5	-31887.5
15112.5	-31862.5
15087.5	-31862.5
15012.5	-31937.5
14962.5	-31937.5
14937.5	-31962.5
14912.5	-31937.5
14862.5	-31937.5
14837.5	-31912.5
14812.5	-31937.5
14762.5	-31937.5
14737.5	-31962.5
14712.5	-31937.5
14662.5	-31937.5
14587.5	-31862.5
14587.5	-31812.5
14562.5	-31787.5
14562.5	-31762.5
14537.5	-31737.5
14487.5	-31737.5
14412.5	-31662.5
14412.5	-31612.5
14362.5	-31612.5
14337.5	-31637.5
14312.5	-31612.5
14262.5	-31612.5
14187.5	-31537.5
14187.5	-31487.5
14162.5	-31462.5
14187.5	-31437.5
14187.5	-31412.5
14137.5	-31362.5
14137.5	-31312.5
14087.5	-31312.5
14012.5	-31237.5
14012.5	-31187.5
13987.5	-31162.5
14012.5	-31137.5
14012.5	-31087.5
14037.5	-31062.5
14037.5	-31037.5
14012.5	-31037.5
13937.5	-30962.5
13937.5	-30912.5
13912.5	-30887.5
13937.5	-30862.5
13937.5	-30837.5
13912.5	-30837.5
13887.5	-30812.5
13837.5	-30812.5
13762.5	-30737.5
13762.5	-30687.5
13712.5	-30687.5
13637.5	-30612.5
13637.5	-30562.5
13612.5	-30537.5
13637.5	-30512.5
13587.5	-30462.5
13587.5	-30412.5
13487.5	-30312.5
13487.5	-30262.5
13412.5	-30187.5
13387.5	-30187.5
13362.5	-30162.5
13312.5	-30162.5
13237.5	-30087.5
13237.5	-30037.5
13212.5	-30012.5
13237.5	-29987.5
13237.5	-29937.5
13262.5	-29912.5
13262.5	-29887.5
13237.5	-29862.5
13237.5	-29837.5
13187.5	-29787.5
13187.5	-29737.5
13137.5	-29737.5
13112.5	-29712.5
13087.5	-29712.5
13062.5	-29737.5
13037.5	-29712.5
12987.5	-29712.5
12912.5	-29637.5
12912.5	-29587.5
12887.5	-29562.5
12912.5	-29537.5
12912.5	-29487.5
12937.5	-29462.5
12862.5	-29387.5
12862.5	-29337.5
12812.5	-29337.5
12737.5	-29262.5
12737.5	-29212.5
12712.5	-29187.5
12737.5	-29162.5
12737.5	-29087.5
12712.5	-29087.5
12637.5	-29012.5
12637.5	-28962.5
12612.5	-28937.5
12612.5	-28912.5
12587.5	-28912.5
12512.5	-28837.5
12512.5	-28787.5
12487.5	-28762.5
12487.5	-28737.5
12462.5	-28737.5
12387.5	-28662.5
12387.5	-28612.5
12362.5	-28587.5
12387.5	-28562.5
12387.5	-28537.5
12362.5	-28512.5
12337.5	-28512.5
12312.5	-28487.5
12262.5	-28487.5
12187.5	-28412.5
12187.5	-28362.5
12162.5	-28337.5
12162.5	-28312.5
12087.5	-28237.5
12087.5	-28187.5
12062.5	-28162.5
12087.5	-28137.5
12087.5	-28012.5
12062.5	-27987.5
12087.5	-27962.5
12037.5	-27912.5
12037.5	-27862.5
12012.5	-27837.5
11987.5	-27862.5
11962.5	-27837.5
11912.5	-27837.5
11837.5	-27762.5
11837.5	-27712.5
11812.5	-27712.5
11787.5	-27687.5
11737.5	-27687.5
11662.5	-27612.5
11662.5	-27562.5
11637.5	-27537.5
11637.5	-27512.5
11612.5	-27512.5
11537.5	-27437.5
11537.5	-27387.5
11512.5	-27362.5
11512.5	-27337.5
11462.5	-27337.5
11387.5	-27262.5
11387.5	-27212.5
11362.5	-27187.5
11387.5	-27162.5
11387.5	-27112.5
11337.5	-27062.5
11337.5	-27012.5
11312.5	-26987.5
11312.5	-26962.5
11237.5	-26887.5
11237.5	-26837.5
11212.5	-26812.5
11162.5	-26812.5
11087.5	-26737.5
11087.5	-26687.5
11062.5	-26662.5
11087.5	-26637.5
11062.5	-26612.5
11012.5	-26612.5
10937.5	-26537.5
10937.5	-26487.5
10912.5	-26462.5
10937.5	-26437.5
10937.5	-26412.5
10912.5	-26412.5
10887.5	-26387.5
10837.5	-26387.5
10762.5	-26312.5
10762.5	-26262.5
10737.5	-26237.5
10762.5	-26212.5
10712.5	-26162.5
10712.5	-26137.5
10687.5	-26112.5
10637.5	-26112.5
10562.5	-26037.5
10562.5	-25987.5
10537.5	-25962.5
10562.5	-25937.5
10562.5	-25887.5
10537.5	-25862.5
10537.5	-25812.5
10512.5	-25787.5
10512.5	-25762.5
10462.5	-25762.5
10387.5	-25687.5
10387.5	-25637.5
10362.5	-25612.5
10387.5	-25587.5
10387.5	-25562.5
10287.5	-25462.5
10237.5	-25462.5
10162.5	-25387.5
10162.5	-25337.5
10137.5	-25312.5
10162.5	-25287.5
10162.5	-25262.5
10112.5	-25262.5
10037.5	-25187.5
10037.5	-25137.5
9987.5	-25137.5
9912.5	-25062.5
9912.5	-25012.5
9887.5	-24987.5
9912.5	-24962.5
9912.5	-24912.5
9937.5	-24887.5
9912.5	-24862.5
9912.5	-24812.5
9887.5	-24787.5
9912.5	-24762.5
9912.5	-24712.5
9987.5	-24637.5
10012.5	-24637.5
10012.5	-24612.5
9987.5	-24612.5
9912.5	-24537.5
9912.5	-24487.5
